intercept
[array([-2.03518893]), array([-3.34898805]), array([-3.51894248]), array([-3.18606271]), array([-3.39065135]), array([-3.86746361]), array([-2.78426434]), array([-3.2943978]), array([-1.95341404]), array([-3.28544455]), array([-2.12845232]), array([-3.26266342]), array([-3.58682982]), array([-2.52921867]), array([-3.26911107]), array([-2.81696502]), array([-3.27707712]), array([-1.45252183]), array([-3.2676085]), array([-1.08376652]), array([-3.07910585]), array([-3.56505468]), array([-1.57452465]), array([-2.64792399]), array([-3.00065725]), array([-2.96705104]), array([-3.33678617]), array([0.]), array([-3.17749892]), array([-3.19110805]), array([-3.05425363]), array([-2.68973909]), array([-2.81063445]), array([0.]), array([-2.61757949]), array([-0.69670372]), array([-0.15682638]), array([-3.00026751]), array([-1.97510067]), array([-2.53475418]), array([-3.26192439]), array([-3.73294835]), array([-3.00592252]), array([-3.25759758]), array([-1.39317704]), array([-2.535278]), array([-1.63377698]), array([-3.22388664]), array([-2.0794972]), array([-1.04356128]), array([-2.49473284]), array([-4.10613784]), array([-2.49637783]), array([-2.38444643]), array([-0.78263987]), array([-2.56383801])]
coef
[array([[-2.22007256e-02,  4.24827159e-02,  1.30400458e-01,
         1.40519098e-04,  3.95671983e-01]]), array([[-1.00877493e-02,  2.88500126e-02,  1.55369287e-01,
         5.03845082e-04,  5.20766608e-01]]), array([[-1.43275961e-02,  3.92316837e-02,  1.81891335e-01,
         1.26483045e-04,  4.30323864e-01]]), array([[-1.35231648e-02,  3.68808526e-02,  1.73195926e-01,
         2.66879962e-04,  3.54615155e-01]]), array([[-1.51458936e-02,  4.11183216e-02,  1.82919047e-01,
         1.41530204e-04,  4.16790080e-01]]), array([[-0.00861558,  0.04689628,  0.17447862,  0.00050255,  0.39711118]]), array([[-0.0185256 ,  0.04465379,  0.15648113,  0.00043302,  0.36149178]]), array([[-1.47198839e-02,  5.05707975e-02,  1.57043048e-01,
         2.48144746e-04,  5.14901208e-01]]), array([[-1.12473436e-02,  1.08776212e-02,  1.58577847e-01,
         1.25729181e-04,  2.86657239e-02]]), array([[-0.01568482,  0.0475622 ,  0.17201187,  0.00035878,  0.31921334]]), array([[-2.74053732e-02,  3.72406875e-02,  1.63009316e-01,
         1.35600870e-04,  2.98838803e-01]]), array([[-1.73194080e-02,  5.02140613e-02,  1.69000634e-01,
         2.45442218e-04,  4.39907758e-01]]), array([[-0.0109886 ,  0.03480508,  0.17116742,  0.00050743,  0.44983016]]), array([[-0.01546825,  0.03294416,  0.13197934,  0.00045142,  0.37692843]]), array([[-0.01431458,  0.04571134,  0.1751051 ,  0.00054928,  0.36452681]]), array([[-1.91932331e-02,  3.94094718e-02,  1.69150855e-01,
         8.72826834e-06,  4.42914447e-01]]), array([[-1.11007766e-02,  4.09028982e-02,  1.49275874e-01,
         2.52199725e-04,  4.83246740e-01]]), array([[-3.16103780e-02,  4.51833970e-02,  1.39025303e-01,
        -2.87337154e-04,  3.00537707e-01]]), array([[-1.74118191e-02,  4.44760596e-02,  1.75117864e-01,
         2.63503468e-04,  4.32682045e-01]]), array([[-0.04886445,  0.08434805,  0.16731881, -0.0006079 ,  0.02219189]]), array([[-1.64852563e-02,  4.47880510e-02,  1.62071958e-01,
         1.79399563e-04,  5.00449365e-01]]), array([[-0.01124938,  0.03760141,  0.1647495 ,  0.00059014,  0.58014831]]), array([[-0.02552898,  0.03267204,  0.14210679, -0.00084924,  0.27572162]]), array([[-1.74187505e-02,  2.68564344e-02,  1.39552554e-01,
         1.35743998e-04,  5.17041556e-01]]), array([[-1.77216648e-02,  4.62311456e-02,  1.54331080e-01,
         3.26045431e-04,  3.81751118e-01]]), array([[-0.01508001,  0.03713192,  0.16352161,  0.00043996,  0.31603305]]), array([[-1.81278697e-02,  5.12873014e-02,  1.68790725e-01,
        -3.67479329e-06,  5.47664449e-01]]), array([[-0.03592834,  0.02709336,  0.10147795, -0.00076189,  0.        ]]), array([[-1.56225125e-02,  4.58339470e-02,  1.64130772e-01,
         2.07570684e-04,  3.85455331e-01]]), array([[-1.48124275e-02,  4.91025535e-02,  1.54749389e-01,
         2.11987800e-04,  3.92106932e-01]]), array([[-2.13945397e-02,  4.45066222e-02,  1.74179773e-01,
         3.54031408e-04,  3.92455452e-01]]), array([[-0.01632766,  0.04472589,  0.16187861,  0.00041366,  0.16172623]]), array([[-2.01292266e-02,  5.29730696e-02,  1.45243454e-01,
         1.54891608e-04,  3.65588482e-01]]), array([[-0.0473055 ,  0.03132617,  0.11037706,  0.00038487,  0.        ]]), array([[-0.02222346,  0.05148417,  0.15396112,  0.00063193,  0.28503827]]), array([[-0.03707493,  0.0434415 ,  0.13178314, -0.00069523,  0.18135925]]), array([[-0.04800498,  0.05424424,  0.11740054, -0.00039221,  0.11566696]]), array([[-1.53343607e-02,  4.87179662e-02,  1.55144308e-01,
         2.81857831e-04,  4.27942050e-01]]), array([[-3.51902353e-02,  2.03119461e-02,  1.41431991e-01,
         3.17180704e-04,  6.80522017e-01]]), array([[-1.41666188e-02,  4.56776160e-02,  1.34725366e-01,
         1.33777010e-04,  2.75057418e-01]]), array([[-0.01609955,  0.05568634,  0.15253812,  0.00045087,  0.40535044]]), array([[-7.89826846e-03,  4.67514363e-02,  1.56117628e-01,
         2.01670773e-04,  5.96206379e-01]]), array([[-1.46688621e-02,  4.06656364e-02,  1.55941270e-01,
         2.75497123e-04,  4.76222351e-01]]), array([[-1.79655847e-02,  3.89442709e-02,  1.80986748e-01,
         2.39993655e-04,  4.92641546e-01]]), array([[-0.04390426,  0.07549565,  0.13731379, -0.00027519,  0.20672679]]), array([[-1.86119615e-02,  5.66756808e-02,  1.41566727e-01,
         3.17940636e-04,  4.30912054e-01]]), array([[-2.66375725e-02,  6.06176861e-02,  1.19421535e-01,
         1.04800603e-04,  2.95608976e-01]]), array([[-0.03130463,  0.08206846,  0.16659862,  0.00075652,  0.4974765 ]]), array([[-2.02772160e-02,  6.79682335e-02,  8.74721941e-02,
         5.11937582e-04,  6.08855859e-01]]), array([[-0.06659787,  0.05772199,  0.13131279,  0.00500103,  0.62603622]]), array([[-2.16795769e-02,  4.25916015e-02,  1.28931022e-01,
         1.84159980e-04,  5.49619164e-01]]), array([[-6.73576987e-03,  3.93409729e-02,  1.92800665e-01,
         2.23716414e-04,  4.44819957e-01]]), array([[-2.45079805e-02,  5.41317393e-02,  1.43332182e-01,
         2.94740769e-04,  4.85521845e-01]]), array([[-2.03821306e-02,  5.12993951e-02,  1.30270674e-01,
         1.64472754e-05,  5.54185270e-01]]), array([[-0.02881698,  0.03336029,  0.11381191, -0.00153561,  0.27977819]]), array([[-0.02104062,  0.0415461 ,  0.14595514,  0.00052556,  0.42125629]])]