intercept
[array([-2.23220136]), array([-3.4143488]), array([-3.02388452]), array([-3.14663632]), array([-3.49936812]), array([-3.01625639]), array([-3.07662145]), array([-3.29659572]), array([-3.05481071]), array([-3.27714531]), array([-3.04939361]), array([-3.29969011]), array([-3.1327318]), array([-2.92816391]), array([-3.61217201]), array([-2.94744346]), array([-3.26928465]), array([-1.47036987]), array([-2.84632572]), array([-1.12232903]), array([-2.97643632]), array([-3.49425752]), array([-3.68844508]), array([-2.61601757]), array([-2.96584113]), array([-3.00065059]), array([-2.77583436]), array([-1.00037135]), array([-3.12520835]), array([-2.79028897]), array([-3.04919502]), array([-2.53452383]), array([-2.65732301]), array([-0.00993157]), array([-3.60456658]), array([-3.36720358]), array([-0.14669912]), array([-3.2290614]), array([-0.0996787]), array([-1.8356483]), array([-3.09875699]), array([-2.57938315]), array([-2.91199055]), array([-3.27251795]), array([-1.43946497]), array([-2.70906902]), array([-0.3647818]), array([-3.05932944]), array([-0.96854299]), array([-0.92789447]), array([-2.17859571]), array([-3.39544508]), array([-2.47702516]), array([-1.92341916]), array([-0.65169376]), array([-2.99081742])]
coef
[array([[-1.77369830e-02,  3.91779038e-02,  1.37088817e-01,
         1.03266813e-05,  3.46743234e-01]]), array([[-6.77567211e-03,  2.81633635e-02,  1.56313305e-01,
         3.66430904e-04,  4.70910433e-01]]), array([[-2.13582762e-02,  4.34975679e-02,  1.74059323e-01,
        -7.78487832e-05,  4.18803190e-01]]), array([[-0.01169607,  0.03850459,  0.17281336,  0.00060159,  0.22825171]]), array([[-1.25061341e-02,  3.74261476e-02,  1.89428376e-01,
         7.25282065e-05,  3.81538412e-01]]), array([[-2.08082918e-02,  5.35862264e-02,  1.66816757e-01,
         1.53639973e-04,  3.38130419e-01]]), array([[-0.01616155,  0.04279392,  0.16298888,  0.00043491,  0.41102486]]), array([[-1.51326534e-02,  5.02736373e-02,  1.57452075e-01,
         3.34084209e-04,  5.19838474e-01]]), array([[-0.01706955,  0.0052868 ,  0.24541882,  0.00156866,  0.05895616]]), array([[-0.01464926,  0.04520011,  0.16551693,  0.00046688,  0.34912676]]), array([[-0.01513856,  0.02931186,  0.17228487,  0.00057156,  0.38715297]]), array([[-1.68580035e-02,  5.10321177e-02,  1.71800285e-01,
         3.38944575e-04,  4.00586324e-01]]), array([[-0.00447664,  0.03395346,  0.16215885,  0.00079577,  0.11355873]]), array([[-1.41894812e-02,  3.42032132e-02,  1.44753847e-01,
         2.64942092e-04,  4.48086963e-01]]), array([[-1.03977881e-02,  4.28739588e-02,  1.73918871e-01,
         2.55188787e-04,  4.93293118e-01]]), array([[-2.12649977e-02,  4.65174951e-02,  1.76152917e-01,
         1.43753580e-05,  4.19016156e-01]]), array([[-1.07746885e-02,  4.12352631e-02,  1.45762602e-01,
         1.86786239e-04,  5.22612705e-01]]), array([[-0.02949018,  0.04157039,  0.1352879 , -0.00048567,  0.32705258]]), array([[-2.47886880e-02,  4.99501867e-02,  1.85696847e-01,
        -2.21664128e-06,  3.25066198e-01]]), array([[-4.76348689e-02,  8.90427711e-02,  1.35908653e-01,
         7.31866868e-05,  1.74855696e-01]]), array([[-1.73835747e-02,  4.15910741e-02,  1.61977248e-01,
         6.94330008e-05,  4.95905340e-01]]), array([[-1.34013638e-02,  4.60165331e-02,  1.62200403e-01,
         4.19357969e-04,  5.76448121e-01]]), array([[ 3.22058365e-03,  1.71166371e-02,  1.80159488e-01,
        -4.05540904e-05,  2.43163735e-01]]), array([[-0.01010741,  0.02512392,  0.15231254,  0.00029119,  0.19757553]]), array([[-1.72314587e-02,  4.44422589e-02,  1.52497225e-01,
         2.37680928e-04,  3.81941240e-01]]), array([[-0.0150802 ,  0.04041667,  0.15571934,  0.00051255,  0.36740562]]), array([[-2.38337590e-02,  5.16115085e-02,  1.58983704e-01,
         5.93125661e-05,  4.99891712e-01]]), array([[-0.02748724,  0.05001348,  0.0929058 , -0.0008536 ,  0.24127174]]), array([[-1.99702884e-02,  5.01663408e-02,  1.67090459e-01,
         1.75837205e-04,  4.20488234e-01]]), array([[-1.82220010e-02,  4.72034679e-02,  1.47770140e-01,
         1.49689190e-04,  3.44344474e-01]]), array([[-0.02119023,  0.04836425,  0.1675882 ,  0.00041476,  0.37150766]]), array([[-0.02070682,  0.04508571,  0.16458524,  0.00032612,  0.19002299]]), array([[-0.01800889,  0.05460962,  0.14403471,  0.00029435,  0.19138817]]), array([[-0.04532191,  0.04061204,  0.10295745, -0.00021488,  0.02146971]]), array([[-0.01191608,  0.0493266 ,  0.16319219,  0.00132355,  0.37426675]]), array([[-0.00035393,  0.02362241,  0.17003711,  0.00091557,  0.11142553]]), array([[-0.05699004,  0.06792693,  0.12309572, -0.00035861,  0.15433012]]), array([[-1.29769316e-02,  5.00221165e-02,  1.57311398e-01,
         2.43572031e-04,  4.56348154e-01]]), array([[-0.05608706,  0.05625504,  0.12921819, -0.00018283,  0.17351882]]), array([[-2.84564912e-02,  5.26956459e-02,  1.27192136e-01,
         1.38551496e-04,  3.10487327e-01]]), array([[-0.01708761,  0.05257321,  0.1507577 ,  0.00053038,  0.38425016]]), array([[-1.88947046e-02,  4.69955373e-02,  1.40610256e-01,
         9.21362761e-05,  4.50187581e-01]]), array([[-1.73787387e-02,  4.59637426e-02,  1.51630818e-01,
         1.26318222e-04,  5.05298704e-01]]), array([[-1.71724254e-02,  4.45777766e-02,  1.78664458e-01,
         3.22263511e-04,  4.11040620e-01]]), array([[-0.04046152,  0.06190888,  0.13872361, -0.00060536,  0.26359844]]), array([[-0.01074375,  0.05526096,  0.15143265,  0.00056251,  0.199888  ]]), array([[-0.0392909 ,  0.06276259,  0.10015427, -0.0006643 ,  0.17660695]]), array([[-0.03188335,  0.06746192,  0.19003731,  0.00077534,  0.51507248]]), array([[-3.37536034e-02,  6.55281728e-02,  9.04183508e-02,
         2.94939914e-04,  3.78258616e-01]]), array([[-0.07196407,  0.06968878,  0.12623975,  0.00338511,  0.74031644]]), array([[-2.56926402e-02,  4.58018086e-02,  1.28680328e-01,
         2.23698389e-04,  4.59383341e-01]]), array([[-1.57703151e-02,  4.27569851e-02,  1.91923479e-01,
         2.42762398e-05,  3.76693092e-01]]), array([[-2.40027171e-02,  5.02404712e-02,  1.40203801e-01,
         1.09545652e-04,  5.05647280e-01]]), array([[-2.85194639e-02,  5.07522069e-02,  1.34232144e-01,
        -8.50624659e-05,  5.08001655e-01]]), array([[-0.03368963,  0.03361309,  0.10070164, -0.00095294,  0.35687967]]), array([[-0.01692519,  0.03842514,  0.15128328,  0.00065417,  0.50062309]])]