intercept
[array([-3.39451808]), array([-3.23613523]), array([-3.53826428]), array([-3.36252731]), array([-3.52291957]), array([-3.5303966]), array([-3.3377353]), array([-3.4839151]), array([-2.24639516]), array([-3.47454129]), array([-2.85627199]), array([-3.41846937]), array([-3.44748808]), array([-2.54222049]), array([-3.76839025]), array([-3.1418584]), array([-3.36251545]), array([-2.71884021]), array([-2.95211266]), array([-3.12133277]), array([-3.25742216]), array([-3.55553075]), array([-3.53071625]), array([-2.89959739]), array([-3.03487373]), array([-3.47549299]), array([-3.19826937]), array([-3.2339335]), array([-3.27317911]), array([-3.23249186]), array([-2.78593106]), array([-3.01620282]), array([-2.88141864]), array([-1.7530596]), array([-3.4238733]), array([-3.36550545]), array([-2.13802787]), array([-3.1165482]), array([-1.54399267]), array([-2.52362945]), array([-3.29078709]), array([-3.42403451]), array([-3.09959498]), array([-2.73910722]), array([-2.99458433]), array([-2.83398384]), array([-2.21259129]), array([-3.21577685]), array([-2.56541299]), array([-1.5983805]), array([-2.3473829]), array([-4.02271055]), array([-2.7214039]), array([-2.34871349]), array([-1.34245911]), array([-3.15596271])]
coef
[array([[-4.03202920e-03,  3.84098518e-02,  1.48885069e-01,
        -4.89950412e-05,  4.61244667e-01]]), array([[-0.0098541 ,  0.02870668,  0.14422277,  0.00057842,  0.54348809]]), array([[-1.41380375e-02,  3.91571311e-02,  1.86356639e-01,
         2.67528230e-04,  4.01805282e-01]]), array([[-0.01355964,  0.03609488,  0.17800598,  0.00044968,  0.37852037]]), array([[-1.32607935e-02,  3.82288203e-02,  1.84443642e-01,
         1.33518716e-05,  4.67876748e-01]]), array([[-1.49648304e-02,  5.05885934e-02,  1.76515594e-01,
         1.27360241e-04,  3.77425525e-01]]), array([[-0.0128399 ,  0.04892415,  0.16228083,  0.0005989 ,  0.41180005]]), array([[-1.28689742e-02,  5.03547490e-02,  1.61704829e-01,
         3.55669592e-04,  5.25831367e-01]]), array([[-3.10732002e-02,  1.68305812e-02,  1.81009937e-01,
         1.58898931e-04,  6.01953215e-01]]), array([[-1.37705994e-02,  4.66358904e-02,  1.75512151e-01,
         2.90282775e-04,  3.45906617e-01]]), array([[-0.01724607,  0.03083966,  0.17009348,  0.00039563,  0.37040995]]), array([[-1.70575769e-02,  5.18033612e-02,  1.73310749e-01,
         2.26585290e-04,  4.65142441e-01]]), array([[-0.01213051,  0.03418658,  0.16990043,  0.00044883,  0.40984895]]), array([[-0.02137559,  0.03688981,  0.14769446,  0.00042011,  0.3993179 ]]), array([[-9.54367557e-03,  4.07982887e-02,  1.84521346e-01,
         4.85438260e-04,  4.89391042e-01]]), array([[-1.72708369e-02,  3.73899377e-02,  1.78996095e-01,
         2.65755636e-04,  4.57531203e-01]]), array([[-1.04942328e-02,  4.15208222e-02,  1.51007791e-01,
         2.95875044e-04,  4.96843811e-01]]), array([[-1.29247122e-02,  3.76330502e-02,  1.44026528e-01,
         4.02852463e-06,  4.88072545e-01]]), array([[-0.02236334,  0.06059659,  0.16843876,  0.00044512,  0.3675232 ]]), array([[-2.10180692e-02,  8.59931027e-02,  1.57930102e-01,
        -4.50048963e-05,  3.46584776e-01]]), array([[-1.50214201e-02,  4.49852400e-02,  1.64586220e-01,
         3.40690347e-04,  5.04126435e-01]]), array([[-1.26721076e-02,  4.34694974e-02,  1.66260605e-01,
         2.61677017e-04,  5.89004599e-01]]), array([[-2.59472157e-03,  3.43300781e-02,  1.63995608e-01,
        -4.87685910e-06,  3.59604677e-01]]), array([[-1.19687032e-02,  2.45581436e-02,  1.49004579e-01,
         1.60466783e-05,  4.68513866e-01]]), array([[-0.01585099,  0.04322079,  0.15513861,  0.00036096,  0.35703053]]), array([[-0.00981071,  0.03670243,  0.17216431,  0.00045992,  0.36311076]]), array([[-1.93830600e-02,  5.32281617e-02,  1.66076813e-01,
         2.21325473e-04,  4.86861684e-01]]), array([[ 7.34669142e-03,  2.65645939e-02,  1.13666097e-01,
        -2.48309293e-05,  5.63501299e-01]]), array([[-2.05258663e-02,  5.10183992e-02,  1.67715065e-01,
         3.14358429e-04,  4.73433066e-01]]), array([[-1.46156796e-02,  4.83931942e-02,  1.52291702e-01,
         3.32641245e-04,  4.22811580e-01]]), array([[-2.65971665e-02,  4.96136027e-02,  1.62468628e-01,
         2.42029496e-04,  4.40069781e-01]]), array([[-1.96585789e-02,  4.15471792e-02,  1.66896494e-01,
         2.60860916e-04,  4.21161296e-01]]), array([[-2.10743856e-02,  5.76144940e-02,  1.43701139e-01,
         3.20290356e-04,  3.73741468e-01]]), array([[-0.03178887,  0.04927196,  0.15945207,  0.00033854, -0.01703491]]), array([[-0.01624675,  0.05143351,  0.16779128,  0.0008994 ,  0.37573833]]), array([[-9.10048773e-03,  2.72228639e-02,  1.70293162e-01,
         2.21460690e-04,  3.87748969e-01]]), array([[-3.06863185e-02,  5.14232208e-02,  1.30408467e-01,
        -1.30722007e-05,  6.25063611e-01]]), array([[-0.014568  ,  0.05075816,  0.15687721,  0.00043155,  0.41582912]]), array([[-4.19579765e-02,  4.72208509e-02,  1.34662929e-01,
        -2.57554354e-05,  4.96312138e-01]]), array([[-0.01711072,  0.05034054,  0.12921827,  0.00040464,  0.35698618]]), array([[-0.01599751,  0.05586927,  0.15622386,  0.0005551 ,  0.37237149]]), array([[-8.27467898e-03,  4.36396628e-02,  1.56082071e-01,
        -9.82217514e-05,  4.87285235e-01]]), array([[-1.37374332e-02,  4.07522002e-02,  1.53216451e-01,
         2.06757872e-04,  5.17956432e-01]]), array([[-0.02790827,  0.04503216,  0.18421659,  0.00037141,  0.3478949 ]]), array([[-0.03413499,  0.0707613 ,  0.18354292, -0.00125867,  0.46141418]]), array([[-1.32586796e-02,  4.90208047e-02,  1.45113423e-01,
         1.49979313e-04,  4.92270775e-01]]), array([[-2.05278720e-02,  4.70094640e-02,  1.24092368e-01,
         3.80849763e-04,  4.54313731e-01]]), array([[-0.02330459,  0.07287225,  0.1534371 , -0.00168356,  0.6561392 ]]), array([[-1.20975809e-02,  5.90484578e-02,  9.53896243e-02,
         5.90996709e-04,  6.54373121e-01]]), array([[-0.08997203,  0.10792644,  0.12149281,  0.00380215,  1.31712201]]), array([[-2.54255566e-02,  4.64817888e-02,  1.28695417e-01,
         2.52940206e-04,  5.28948409e-01]]), array([[-7.15308190e-03,  3.97235110e-02,  1.89942668e-01,
         2.45116413e-04,  4.28388796e-01]]), array([[-2.08560661e-02,  4.90526505e-02,  1.41861212e-01,
         1.85940062e-04,  5.68011082e-01]]), array([[-1.76139143e-02,  4.71004422e-02,  1.35279871e-01,
        -7.99761254e-05,  4.73306021e-01]]), array([[-2.11962629e-02,  2.74835663e-02,  9.41620854e-02,
        -3.90744216e-04,  4.49953635e-01]]), array([[-0.01582342,  0.03936327,  0.15218327,  0.00057247,  0.55053911]])]