intercept
[array([-2.99245005]), array([-2.78367891]), array([-2.83223895]), array([-3.02808947]), array([-3.31949512]), array([-3.5084992]), array([-2.88823142]), array([-3.35473088]), array([-2.03982755]), array([-3.27456962]), array([-1.97788349]), array([-3.3326379]), array([-3.50403849]), array([-2.0846723]), array([-3.49916138]), array([-2.68140012]), array([-3.17533052]), array([-1.47352993]), array([-2.81515972]), array([-2.78028605]), array([-2.62002775]), array([-2.89859717]), array([-3.84649884]), array([-2.53422034]), array([-2.96532598]), array([-2.80938867]), array([-3.35201786]), array([-1.61023738]), array([-3.24488608]), array([-2.95229989]), array([-3.1553723]), array([-2.82618379]), array([-2.75530533]), array([-0.67727909]), array([-3.34424305]), array([-3.27723771]), array([-0.00309051]), array([-3.1045275]), array([-0.19022602]), array([-2.59387744]), array([-3.29115773]), array([-3.00412034]), array([-3.0378186]), array([-2.53051567]), array([-2.93315925]), array([-2.36824487]), array([-2.2389817]), array([-2.34266771]), array([-0.91030763]), array([-1.10939681]), array([-2.0304925]), array([-4.05387158]), array([-2.01189075]), array([-2.2640351]), array([-0.41469014]), array([-2.89977426])]
coef
[array([[-1.06515222e-02,  3.55574421e-02,  1.48832233e-01,
         2.31741807e-04,  4.28365859e-01]]), array([[-0.01262446,  0.03364391,  0.14669701,  0.00058021,  0.35061658]]), array([[-2.15029224e-02,  4.44541783e-02,  1.69713979e-01,
         1.00052602e-04,  3.43626586e-01]]), array([[-0.01433107,  0.04060192,  0.17400902,  0.00037264,  0.23058595]]), array([[-1.72071912e-02,  4.01524462e-02,  1.87155638e-01,
        -6.26647320e-05,  4.28681606e-01]]), array([[-1.24445276e-02,  4.69637401e-02,  1.71996913e-01,
         3.33697541e-04,  3.62250387e-01]]), array([[-0.01878692,  0.04731368,  0.15890317,  0.00041154,  0.38356305]]), array([[-1.35783794e-02,  4.65614997e-02,  1.60579844e-01,
         2.67136752e-04,  5.12815724e-01]]), array([[-2.41743773e-02,  9.13502585e-03,  1.87600055e-01,
         2.09885568e-04,  2.20574311e-01]]), array([[-0.01735504,  0.04658369,  0.16885644,  0.00040231,  0.38860753]]), array([[-3.22435213e-02,  4.01562739e-02,  1.49328664e-01,
         3.07773618e-05,  4.62548740e-01]]), array([[-1.77210118e-02,  5.12009718e-02,  1.71544605e-01,
         2.55202139e-04,  4.51422740e-01]]), array([[-0.00869418,  0.03282743,  0.1680682 ,  0.00066801,  0.36860693]]), array([[-0.02378281,  0.03681137,  0.14060934,  0.00073543,  0.28711023]]), array([[-1.05725941e-02,  4.21006564e-02,  1.68462600e-01,
         3.95936905e-04,  4.86588455e-01]]), array([[-2.44916650e-02,  4.18392993e-02,  1.72215320e-01,
         2.25338033e-04,  4.49586817e-01]]), array([[-1.08314685e-02,  3.95699346e-02,  1.42037475e-01,
         3.38856740e-04,  5.05386592e-01]]), array([[-0.03125026,  0.04451321,  0.13552616, -0.0003661 ,  0.3334761 ]]), array([[-0.02567062,  0.05271364,  0.18647031,  0.00038491,  0.26329295]]), array([[-1.93250701e-02,  8.75286331e-02,  1.58152444e-01,
         5.02395650e-05,  1.78452662e-01]]), array([[-2.25753948e-02,  4.93430131e-02,  1.53140383e-01,
         1.89651114e-05,  4.75156023e-01]]), array([[-2.08206408e-02,  4.97681976e-02,  1.62799597e-01,
         1.70592567e-04,  4.54572576e-01]]), array([[-1.83471007e-03,  3.05049566e-02,  1.72695656e-01,
         9.30258320e-05,  4.10293785e-01]]), array([[-1.83987365e-02,  2.91196657e-02,  1.43718762e-01,
        -1.11240997e-04,  4.63598513e-01]]), array([[-1.74391039e-02,  4.50482818e-02,  1.53773030e-01,
         3.07357979e-04,  3.68451630e-01]]), array([[-0.01592625,  0.03948494,  0.15396405,  0.00033157,  0.32909177]]), array([[-1.58578209e-02,  4.92762197e-02,  1.67978796e-01,
         2.93103053e-05,  5.13749933e-01]]), array([[-0.01046731,  0.01503034,  0.09877495, -0.00060338,  0.31560612]]), array([[-1.69650362e-02,  4.87112560e-02,  1.68217708e-01,
         2.15957943e-04,  4.00234245e-01]]), array([[-1.85966410e-02,  5.15881409e-02,  1.51563150e-01,
         3.29656615e-04,  3.59296571e-01]]), array([[-1.86030493e-02,  4.47973259e-02,  1.62854911e-01,
         2.01658114e-04,  4.59628492e-01]]), array([[-0.01437123,  0.042456  ,  0.16089661,  0.00041157,  0.19918559]]), array([[-2.23541522e-02,  5.75910404e-02,  1.44768792e-01,
         8.76704350e-05,  3.47956603e-01]]), array([[-0.05433628,  0.05836263,  0.13476516,  0.00048266,  0.12032941]]), array([[-0.01720028,  0.0496332 ,  0.1634449 ,  0.00117885,  0.40194974]]), array([[-7.05377577e-03,  2.42012411e-02,  1.62561186e-01,
         1.90560044e-04,  3.89462925e-01]]), array([[-4.83997403e-02,  4.88433058e-02,  1.18275522e-01,
        -1.26780754e-05,  9.72246288e-03]]), array([[-1.32279022e-02,  4.61071383e-02,  1.53720799e-01,
         2.54574855e-04,  4.62583142e-01]]), array([[-0.06334917,  0.06746546,  0.12590043, -0.00082222,  0.3871487 ]]), array([[-1.78751523e-02,  5.23683804e-02,  1.38549906e-01,
         2.76186103e-04,  3.03843399e-01]]), array([[-1.34074793e-02,  5.14296491e-02,  1.51605751e-01,
         3.91801792e-04,  4.09699606e-01]]), array([[-1.46260645e-02,  4.41291594e-02,  1.47564053e-01,
        -1.62950741e-04,  5.15881439e-01]]), array([[-1.52072296e-02,  4.10574397e-02,  1.54376773e-01,
         4.36706297e-05,  5.24804619e-01]]), array([[-2.62351715e-02,  4.47732426e-02,  1.69500568e-01,
         1.91296991e-04,  3.85508753e-01]]), array([[-0.02241596,  0.06668816,  0.1789108 , -0.00022248,  0.14366165]]), array([[-2.25941596e-02,  6.22873606e-02,  1.40820781e-01,
         1.20324602e-04,  4.14754873e-01]]), array([[-2.67586133e-02,  6.43593316e-02,  1.13167082e-01,
         5.68867702e-05,  6.18846318e-01]]), array([[-0.0269239 ,  0.07247011,  0.16988249, -0.00040388,  0.1269508 ]]), array([[-3.55913195e-02,  7.45921493e-02,  8.89307101e-02,
         1.77844106e-04,  3.48063111e-01]]), array([[-0.07768828,  0.08346598,  0.11120737,  0.00357042,  1.15713003]]), array([[-2.90339364e-02,  4.88616766e-02,  1.25284656e-01,
        -2.60069850e-05,  4.94556441e-01]]), array([[-1.26342435e-02,  4.60874463e-02,  2.00846285e-01,
         3.71306334e-04,  4.23865073e-01]]), array([[-3.00170759e-02,  5.75720784e-02,  1.32261008e-01,
        -8.87996582e-05,  4.62520719e-01]]), array([[-2.19953604e-02,  4.84942577e-02,  1.38307682e-01,
        -1.55271871e-04,  4.82408833e-01]]), array([[-0.03371102,  0.01854418,  0.09798293, -0.00066873,  0.30505527]]), array([[-0.01831527,  0.04000676,  0.15146359,  0.000485  ,  0.47984945]])]