intercept
[array([-3.48023566]), array([-2.91889988]), array([-3.04298469]), array([-3.48550885]), array([-2.88614442]), array([-3.51110029]), array([-3.32063583]), array([-3.13266857]), array([-0.83036358]), array([-3.39901313]), array([-2.81561065]), array([-3.44147433]), array([-3.0888025]), array([-2.29131487]), array([-3.64111262]), array([-2.74362087]), array([-2.98145551]), array([-2.44861759]), array([-3.15618617]), array([-3.27535254]), array([-3.02489789]), array([-3.44394173]), array([-3.04365173]), array([-2.79519101]), array([-3.07320029]), array([-3.25122512]), array([-2.97822779]), array([-1.9570231]), array([-2.95941064]), array([-3.26871424]), array([-2.88400654]), array([-1.00877289]), array([-2.0081412]), array([-0.00687135]), array([-3.40768468]), array([-3.73655509]), array([-0.14942937]), array([-3.12699775]), array([-2.02033379]), array([-2.63252124]), array([-2.98926145]), array([-2.66582131]), array([-1.83941494]), array([-3.4176936]), array([-2.87837037]), array([-2.51000462]), array([-2.24420704]), array([-3.23354281]), array([-2.20851119]), array([-0.41489066]), array([-2.19736506]), array([-3.08638271]), array([-2.71728998]), array([-2.45817991]), array([-0.01163076]), array([-2.97954829])]
coef
[array([[-7.05609563e-05,  2.89068511e-02,  1.57496514e-01,
        -1.04957745e-04,  4.22454078e-01]]), array([[-1.25660755e-02,  3.33276844e-02,  1.45224088e-01,
         4.20191300e-04,  4.46289018e-01]]), array([[-1.79550812e-02,  4.20950214e-02,  1.71885786e-01,
         3.34791066e-05,  3.54700226e-01]]), array([[-1.20877886e-02,  3.99139903e-02,  1.82269713e-01,
         2.79400618e-04,  3.68706703e-01]]), array([[-2.10693366e-02,  3.92878428e-02,  1.77425294e-01,
         1.73109823e-04,  3.76239265e-01]]), array([[-1.58446460e-02,  5.56961266e-02,  1.73993817e-01,
         3.49334912e-04,  3.54101481e-01]]), array([[-1.28614431e-02,  4.26684987e-02,  1.65791926e-01,
         3.54655978e-04,  4.43808545e-01]]), array([[-1.73732984e-02,  5.10944719e-02,  1.56666830e-01,
         2.30254215e-04,  5.00959611e-01]]), array([[-3.14964201e-02,  5.09221085e-03,  1.68155947e-01,
        -1.63008241e-04,  0.00000000e+00]]), array([[-0.01430996,  0.04773209,  0.16896952,  0.00044686,  0.35733343]]), array([[-1.59107763e-02,  3.40869363e-02,  1.62894932e-01,
         2.92135611e-04,  3.38147956e-01]]), array([[-1.61492013e-02,  5.18406319e-02,  1.72353957e-01,
         2.89933906e-04,  4.54386305e-01]]), array([[-0.01341997,  0.03508578,  0.15988528,  0.00048949,  0.3862656 ]]), array([[-0.02305336,  0.03270589,  0.14535885,  0.00047741,  0.3379593 ]]), array([[-1.09748034e-02,  3.67760800e-02,  1.78588999e-01,
         3.68951163e-04,  5.27373412e-01]]), array([[-2.42308949e-02,  4.34966772e-02,  1.74365723e-01,
        -9.55121657e-05,  4.46954321e-01]]), array([[-1.25089863e-02,  4.12746082e-02,  1.35498776e-01,
         1.56132373e-04,  4.99988650e-01]]), array([[-1.38261149e-02,  3.82249041e-02,  1.50731102e-01,
         1.98979606e-04,  2.77596840e-01]]), array([[-0.01636184,  0.05030271,  0.19424647,  0.00062231,  0.08403143]]), array([[-0.01272118,  0.07884787,  0.16988479,  0.00052252,  0.16227163]]), array([[-1.80142531e-02,  4.37037939e-02,  1.59970731e-01,
         1.65343776e-04,  5.33444745e-01]]), array([[-1.51905113e-02,  4.31175987e-02,  1.66778495e-01,
         3.15853977e-04,  5.73618929e-01]]), array([[-0.00770746,  0.03736304,  0.16354274, -0.00035329,  0.20468944]]), array([[-1.47798838e-02,  2.62481852e-02,  1.48982234e-01,
         1.06412839e-04,  4.45826006e-01]]), array([[-1.53905730e-02,  4.18236577e-02,  1.56431443e-01,
         3.11725522e-04,  3.76409551e-01]]), array([[-0.00832342,  0.03320195,  0.1580294 ,  0.00037939,  0.35984703]]), array([[-0.01813139,  0.0576304 ,  0.17005272,  0.00058366,  0.23835934]]), array([[-0.00025246,  0.02953286,  0.10573069, -0.00024649,  0.0305352 ]]), array([[-2.03399777e-02,  4.98299460e-02,  1.57884658e-01,
         4.88735963e-05,  4.72486107e-01]]), array([[-0.01407484,  0.04581137,  0.15807554,  0.00043115,  0.37884815]]), array([[-0.02390144,  0.04836255,  0.16368514,  0.00046335,  0.38666158]]), array([[-0.04517207,  0.05386186,  0.13809825, -0.00038197,  0.28654118]]), array([[-2.56214883e-02,  5.29307254e-02,  1.29753704e-01,
         2.43449416e-05,  2.25703089e-01]]), array([[-0.05682071,  0.05878536,  0.10703673,  0.00071583,  0.01128168]]), array([[-0.01571324,  0.04949161,  0.16823675,  0.0010572 ,  0.34568462]]), array([[-5.74084451e-03,  2.91627150e-02,  1.71711233e-01,
         4.21003383e-04,  4.29434938e-01]]), array([[-0.05455336,  0.04276588,  0.1304762 , -0.00074298,  0.18327265]]), array([[-1.45499182e-02,  4.78727182e-02,  1.58012691e-01,
         2.60568464e-04,  4.48315938e-01]]), array([[-0.039156  ,  0.03414613,  0.15325909, -0.00104623,  0.67105032]]), array([[-0.00952425,  0.05450836,  0.13498875,  0.00057742,  0.11687139]]), array([[-0.01750515,  0.05929708,  0.15870726,  0.00051842,  0.21496592]]), array([[-1.78027598e-02,  4.91356361e-02,  1.43828005e-01,
         1.55969818e-04,  4.09586376e-01]]), array([[-2.90198687e-02,  4.89497916e-02,  1.49299659e-01,
         4.17538240e-05,  2.63353396e-01]]), array([[-0.01502373,  0.03368438,  0.18885939,  0.00051732,  0.40259285]]), array([[-2.67099620e-02,  6.24643356e-02,  1.64992140e-01,
         1.95814034e-05,  4.48249001e-01]]), array([[-0.01502139,  0.05776668,  0.15077452,  0.00060826,  0.17684659]]), array([[-1.69564466e-02,  5.39130396e-02,  1.31031364e-01,
         4.80072012e-06,  2.78979145e-01]]), array([[-0.0273026 ,  0.08605654,  0.18396207, -0.00032446,  0.30746403]]), array([[-1.68358966e-02,  5.96822282e-02,  9.70499109e-02,
         4.46040179e-04,  5.58495345e-01]]), array([[-0.07504552,  0.07257938,  0.08176133,  0.0027304 ,  0.98830244]]), array([[-2.63435846e-02,  4.57570417e-02,  1.26850455e-01,
         3.35886142e-05,  5.13061292e-01]]), array([[-1.80247728e-02,  4.51920721e-02,  1.80894564e-01,
         2.50122045e-04,  3.48033214e-01]]), array([[-2.02630263e-02,  4.98761852e-02,  1.44190922e-01,
         2.40954276e-04,  5.07987580e-01]]), array([[-1.44770359e-02,  3.98110865e-02,  1.30946922e-01,
        -3.78213458e-05,  5.04241337e-01]]), array([[-0.03459889,  0.04208231,  0.09228503, -0.00062026,  0.0272944 ]]), array([[-0.01913379,  0.04177762,  0.15408108,  0.00062789,  0.50006391]])]