intercept
[array([-2.34443571]), array([-2.84270796]), array([-3.33142574]), array([-3.35397703]), array([-3.25248901]), array([-3.44053294]), array([-2.25106254]), array([-3.43650937]), array([-0.83286193]), array([-3.29160532]), array([-2.09339618]), array([-3.35460145]), array([-3.37714849]), array([-2.66174565]), array([-3.33533056]), array([-2.75535575]), array([-3.43979304]), array([-2.43087083]), array([-3.17588598]), array([-3.36486168]), array([-3.13944211]), array([-3.11341218]), array([-3.25955547]), array([-2.51710768]), array([-3.08952149]), array([-3.53038361]), array([-3.3916945]), array([-1.00260521]), array([-3.27439694]), array([-3.32248698]), array([-3.04992046]), array([-3.41000377]), array([-3.03495173]), array([0.]), array([-3.34086493]), array([-3.58259459]), array([-0.63668963]), array([-3.22921729]), array([-1.69521476]), array([-2.16041587]), array([-3.02159541]), array([-3.19980216]), array([-3.03070673]), array([-2.08102544]), array([-3.41007867]), array([-2.59644154]), array([-2.91610309]), array([-2.62647266]), array([-1.85931714]), array([-0.02311979]), array([-2.19745668]), array([-3.70605842]), array([-2.74157169]), array([-2.23963501]), array([-0.59670897]), array([-3.00519022])]
coef
[array([[-1.93752526e-02,  4.32959245e-02,  1.39149673e-01,
         1.23855542e-04,  3.63994486e-01]]), array([[-0.01950637,  0.04398949,  0.14867471,  0.00052719,  0.46889002]]), array([[-0.00956264,  0.03580654,  0.18369369,  0.00033246,  0.19767539]]), array([[-1.42238220e-02,  3.83308875e-02,  1.77034937e-01,
         3.63049518e-04,  4.01459352e-01]]), array([[-1.72038869e-02,  4.02678427e-02,  1.86412089e-01,
        -1.46912995e-04,  4.08350937e-01]]), array([[-0.01562268,  0.0500037 ,  0.17497193,  0.0003639 ,  0.36342495]]), array([[-0.02512905,  0.0470627 ,  0.15021186,  0.00045972,  0.28452751]]), array([[-1.33747799e-02,  4.98074643e-02,  1.58800436e-01,
         2.71565666e-04,  5.44560418e-01]]), array([[-0.03458709,  0.0086933 ,  0.15126476, -0.00062267,  0.24843647]]), array([[-0.01421596,  0.04780092,  0.16548402,  0.00044985,  0.34274426]]), array([[-2.46417357e-02,  3.24293761e-02,  1.57587677e-01,
        -9.73580789e-05,  3.10426118e-01]]), array([[-1.69521922e-02,  5.14966892e-02,  1.70895545e-01,
         2.75706100e-04,  4.49667039e-01]]), array([[-0.01064891,  0.03448586,  0.16634981,  0.00060189,  0.39565111]]), array([[-0.01535818,  0.03789015,  0.14619169,  0.00055353,  0.28050368]]), array([[-0.01311799,  0.04243216,  0.17281137,  0.00053522,  0.40439506]]), array([[-0.01846748,  0.04596215,  0.17541554,  0.00067652,  0.21237147]]), array([[-7.98568889e-03,  4.03094238e-02,  1.46816817e-01,
         3.08984427e-04,  5.12453847e-01]]), array([[-1.33773223e-02,  3.97705545e-02,  1.50381914e-01,
         1.57092272e-04,  2.37753008e-01]]), array([[-0.02209425,  0.06200264,  0.19248755,  0.00047722,  0.21740601]]), array([[-2.47689279e-02,  1.02249047e-01,  1.85371822e-01,
        -4.93042872e-05,  2.83842000e-01]]), array([[-1.49853262e-02,  4.14378896e-02,  1.65678994e-01,
         1.10704971e-04,  4.81933009e-01]]), array([[-1.68465687e-02,  4.10161621e-02,  1.60464972e-01,
         3.09721717e-04,  5.18304504e-01]]), array([[-0.00977618,  0.04505853,  0.18478656, -0.0004244 ,  0.20633938]]), array([[-1.82182156e-02,  3.17516522e-02,  1.50131618e-01,
        -1.22453235e-04,  3.63982529e-01]]), array([[-1.65598166e-02,  4.49468074e-02,  1.54966499e-01,
         3.24262663e-04,  3.99288738e-01]]), array([[-0.00707335,  0.03621952,  0.16247825,  0.00049445,  0.39540421]]), array([[-1.90300982e-02,  5.26561177e-02,  1.69178347e-01,
         1.85928736e-04,  5.60621887e-01]]), array([[-0.03279965,  0.04274574,  0.1119682 , -0.0006494 ,  0.24593305]]), array([[-1.43253134e-02,  4.40350921e-02,  1.62975753e-01,
         3.44509090e-04,  4.22474606e-01]]), array([[-1.59768311e-02,  5.03492129e-02,  1.63124186e-01,
         3.35795306e-04,  3.86703875e-01]]), array([[-0.01877207,  0.04642722,  0.16155497,  0.00046259,  0.37380158]]), array([[-1.19189803e-02,  3.32680985e-02,  1.74756768e-01,
         6.11042186e-05,  4.41447129e-01]]), array([[-1.90134588e-02,  5.51769125e-02,  1.49060278e-01,
         1.78798437e-04,  3.97862599e-01]]), array([[-0.05869057,  0.04251698,  0.12075836, -0.00138519,  0.24155963]]), array([[-0.01630256,  0.04619148,  0.17033897,  0.00103102,  0.35639451]]), array([[-0.0007782 ,  0.03300503,  0.17281648,  0.00068978,  0.1191835 ]]), array([[-0.05178257,  0.05989115,  0.1196145 , -0.00038891,  0.36761879]]), array([[-1.13303779e-02,  4.69882000e-02,  1.57938475e-01,
         3.51898219e-04,  4.24106869e-01]]), array([[-0.03765005,  0.03951179,  0.12927503,  0.00079766,  0.5526807 ]]), array([[-2.21647331e-02,  4.53612663e-02,  1.27952524e-01,
        -1.11524060e-04,  3.66663871e-01]]), array([[-0.01707121,  0.05915163,  0.15515873,  0.00068138,  0.22589838]]), array([[-1.17747825e-02,  5.02662845e-02,  1.49992578e-01,
         7.88657211e-05,  4.59041253e-01]]), array([[-1.57166998e-02,  4.14985139e-02,  1.58950794e-01,
         2.56505113e-04,  4.82637336e-01]]), array([[-2.93708321e-02,  4.26522036e-02,  1.57632716e-01,
        -3.44972696e-05,  3.63674957e-01]]), array([[-0.02369882,  0.06553868,  0.18883501, -0.00051229,  0.39824578]]), array([[-2.33287301e-02,  6.21664707e-02,  1.50849141e-01,
         2.60869001e-04,  4.65482990e-01]]), array([[-1.42531812e-02,  5.17853185e-02,  1.32146914e-01,
        -6.93893564e-05,  5.98243961e-01]]), array([[-3.43782647e-02,  6.48234418e-02,  1.54495768e-01,
         1.13155508e-04,  6.12068174e-01]]), array([[-2.68801497e-02,  7.39482181e-02,  8.91355211e-02,
         3.44373177e-04,  6.31505464e-01]]), array([[-0.09749497,  0.0869279 ,  0.08884843,  0.00398043,  1.03935955]]), array([[-2.66291482e-02,  4.87533605e-02,  1.23834880e-01,
         1.66289257e-04,  5.15941001e-01]]), array([[-1.10094570e-02,  3.97692673e-02,  1.89993105e-01,
         2.61105449e-04,  4.12224949e-01]]), array([[-2.09068137e-02,  4.93409210e-02,  1.43448673e-01,
         2.60549463e-04,  5.42448483e-01]]), array([[-2.92922127e-02,  6.30459598e-02,  1.46161630e-01,
        -1.14995857e-04,  4.91556055e-01]]), array([[-0.03248216,  0.03211942,  0.10118379, -0.00069005,  0.34478159]]), array([[-0.01680358,  0.03896908,  0.15067423,  0.00053594,  0.51576846]])]